10101000001101001110001000
10101000001101001110001001
11000011100000001001101001010111110011100001
11000011100000101001101001010111110011100001
100010101011000011111110001010101100011111101001111100101010
100010101111000011110110001010101100011111101001111100101010
10001010111100001111111000101010110001111110100110111111000011111110001010101100011111100000011110010001
10001010111100001111111000101010110001111110100110111111000011111110001010101100011111100000011110010001
11110101000010110001010010100011010111110001110011111110111110111010100000111000001010100110011000000111000111110
11110101000000110001010010100011010111110001110011111110111110111010100000111000001010100110011000000111000111110
